-1 -2
-1 -3
-1 -4
-2 -3
-2 -4
-3 -4
-7 -8
-7 -9
-7 -10
-8 -9
-8 -10
-9 -10
-13 -14
-13 -15
-13 -16
-14 -15
-14 -16
-15 -16
-19 -20
-19 -21
-19 -22
-20 -21
-20 -22
-21 -22
-25 -26
-25 -27
-25 -28
-26 -27
-26 -28
-27 -28
-5 -6
-11 -12
-17 -18
-23 -24
-29 -30
-1 8 9 
-2 7 
-3 7 10 
-4 9 10 
-7 14 15 
-8 13 
-9 13 16 
-10 15 16 
-13 20 21 
-14 19 
-15 19 22 
-16 21 22 
-19 26 27 
-20 25 
-21 25 28 
-22 27 28 
-9 5
-15 11
-21 17
-27 23
-6 -8 11
-12 -14 17
-18 -20 23
-24 -26 29
-3 -5
-9 -11
-15 -17
-21 -23
-27 -29
-6 -7 12
-6 -9 12
-6 -10 12
-12 -13 18
-12 -15 18
-12 -16 18
-18 -19 24
-18 -21 24
-18 -22 24
-24 -25 30
-24 -27 30
-24 -28 30
6 -12
12 -18
18 -24
24 -30
6 5 -11
12 11 -17
18 17 -23
24 23 -29
-5 -7 11
-5 -8 11
-5 -10 11
-11 -13 17
-11 -14 17
-11 -16 17
-17 -19 23
-17 -20 23
-17 -22 23
-23 -25 29
-23 -26 29
-23 -28 29
1
28
6
0
1 At(START,0)
2 At(A,0)
3 At(B,0)
4 At(GOAL,0)
5 Has(WAND,0)
6 Available(WAND,0)
7 At(START,1)
8 At(A,1)
9 At(B,1)
10 At(GOAL,1)
11 Has(WAND,1)
12 Available(WAND,1)
13 At(START,2)
14 At(A,2)
15 At(B,2)
16 At(GOAL,2)
17 Has(WAND,2)
18 Available(WAND,2)
19 At(START,3)
20 At(A,3)
21 At(B,3)
22 At(GOAL,3)
23 Has(WAND,3)
24 Available(WAND,3)
25 At(START,4)
26 At(A,4)
27 At(B,4)
28 At(GOAL,4)
29 Has(WAND,4)
30 Available(WAND,4)
